#         pdgid       name            stable      mass[GeV]      degeneracy      statistics      B      Q      S      C      |S|      |C|      width[GeV]      threshold[GeV]
             22       gamma           1           0.00000        2               1               0      0      0      0      0        0        0.000000        0
            111       pi0             1           0.13800        1              -1               0      0      0      0      0        0        7.7e-9          0
            211       pi+             1           0.13800        1              -1               0      1      0      0      0        0        7.7e-9          0
            221       eta             0           0.54800        1              -1               0      0      0      0      0        0        1.31e-06        0
        9000221       sigma           0           0.80000        1              -1               0      0      0      0      0        0        0.400000        0
            113       rho0            0           0.77600        3              -1               0      0      0      0      0        0        0.148000        0
            213       rho+            0           0.77600        3              -1               0      1      0      0      0        0        0.148000        0
            223       omega(782)      0           0.78300        3              -1               0      0      0      0      0        0        0.008680        0
            331       eta'(958)       0           0.95800        1              -1               0      0      0      0      0        0        0.000188        0
        9010221       f0(980)         0           0.99000        1              -1               0      0      0      0      0        0        0.055000        0
        9000111       a0(980)0        0           0.98900        1              -1               0      0      0      0      0        0        0.075000        0
        9000211       a0(980)+        0           0.98900        1              -1               0      1      0      0      0        0        0.075000        0
            333       phi(1020)       0           1.01950        3              -1               0      0      0      0      2        0        0.004250        0
          10223       h1(1170)        0           1.16600        3              -1               0      0      0      0      0        0        0.375000        0
          10113       b1(1235)0       0           1.22950        3              -1               0      0      0      0      0        0        0.142000        0
          10213       b1(1235)+       0           1.22950        3              -1               0      1      0      0      0        0        0.142000        0
          20113       a1(1260)0       0           1.23000        3              -1               0      0      0      0      0        0        0.425000        0
          20213       a1(1260)+       0           1.23000        3              -1               0      1      0      0      0        0        0.425000        0
            225       f2(1270)        0           1.27550        5              -1               0      0      0      0      0        0        0.186700        0
          20223       f1(1285)        0           1.37000        3              -1               0      0      0      0      0        0        0.022700        0
         100221       eta(1295)       0           1.29400        1              -1               0      0      0      0      0        0        0.055000        0
         100111       pi(1300)0       0           1.30000        1              -1               0      0      0      0      0        0        0.400000        0
         100211       pi(1300)+       0           1.30000        1              -1               0      1      0      0      0        0        0.400000        0
            115       a2(1320)0       0           1.37000        5              -1               0      0      0      0      0        0        0.105000        0
            215       a2(1320)+       0           1.37000        5              -1               0      1      0      0      0        0        0.105000        0
          10221       f0(1370)        0           1.35000        1              -1               0      0      0      0      2        0        0.350000        0
        9000113       pi1(1400)0      0           1.35400        3              -1               0      0      0      0      0        0        0.330000        0
        9000213       pi1(1400)+      0           1.35400        3              -1               0      1      0      0      0        0        0.330000        0
        9020221       eta(1405)       0           1.40880        1              -1               0      0      0      0      0        0        0.050100        0
          10333       h1(1415)        0           1.41600        3              -1               0      0      0      0      2        0        0.090000        0
          20333       f1(1420)        0           1.42630        3              -1               0      0      0      0      2        0        0.054500        0
         100223       omega(1420)     0           1.41000        3              -1               0      0      0      0      0        0        0.290000        0
        9000225       f2(1430)        0           1.43000        5              -1               0      0      0      0      0        0        0.013000        0
          10111       a0(1450)0       0           1.47400        1              -1               0      0      0      0      0        0        0.265000        0
          10211       a0(1450)+       0           1.47400        1              -1               0      1      0      0      0        0        0.265000        0
         100113       rho(1450)0      0           1.46500        3              -1               0      0      0      0      0        0        0.400000        0
         100213       rho(1450)+      0           1.46500        3              -1               0      1      0      0      0        0        0.400000        0
         100331       eta(1475)       0           1.47500        1              -1               0      0      0      0      0        0        0.090000        0
        9030221       f0(1500)        0           1.56000        1              -1               0      0      0      0      0        0        0.112000        0
        9000223       f1(1510)        0           1.51800        3              -1               0      0      0      0      0        0        0.073000        0
            335       f2'(1525)       0           1.51740        5              -1               0      0      0      0      2        0        0.086000        0
        9010225       f2(1565)        0           1.54900        5              -1               0      0      0      0      0        0        0.122000        0
        7030113       rho(1570)0      0           1.57000        3              -1               0      0      0      0      0        0        0.144000        0
        7030213       rho(1570)+      0           1.57000        3              -1               0      1      0      0      0        0        0.144000        0
        9010223       h1(1595)        0           1.59400        3              -1               0      0      0      0      0        0        0.384000        0
        9010113       pi1(1600)0      0           1.66100        3              -1               0      0      0      0      0        0        0.240000        0
        9010213       pi1(1600)+      0           1.66100        3              -1               0      1      0      0      0        0        0.240000        0
        9020225       f2(1640)        0           1.63900        5              -1               0      0      0      0      0        0        0.099000        0
        9020113       a1(1640)0       0           1.65500        3              -1               0      0      0      0      0        0        0.254000        0
        9020213       a1(1640)+       0           1.65500        3              -1               0      1      0      0      0        0        0.254000        0
          10225       eta2(1645)      0           1.61700        5              -1               0      0      0      0      0        0        0.181000        0
          30223       omega(1650)     0           1.67000        3              -1               0      0      0      0      0        0        0.315000        0
            227       omega3(1670)    0           1.66700        7              -1               0      0      0      0      0        0        0.168000        0
          10115       pi2(1670)0      0           1.67060        5              -1               0      0      0      0      0        0        0.258000        0
          10215       pi2(1670)+      0           1.67060        5              -1               0      1      0      0      0        0        0.258000        0
         100333       phi(1680)       0           1.68000        3              -1               0      0      0      0      2        0        0.150000        0
            117       rho3(1690)0     0           1.68880        7              -1               0      0      0      0      0        0        0.161000        0
            217       rho3(1690)+     0           1.68880        7              -1               0      1      0      0      0        0        0.161000        0
          30113       rho(1700)0      0           1.72000        3              -1               0      0      0      0      0        0        0.250000        0
          30213       rho(1700)+      0           1.72000        3              -1               0      1      0      0      0        0        0.250000        0
        9000115       a2(1700)0       0           1.69800        5              -1               0      0      0      0      0        0        0.265000        0
        9000215       a2(1700)+       0           1.69800        5              -1               0      1      0      0      0        0        0.265000        0
          10331       f0(1710)        0           1.70400        1              -1               0      0      0      0      0        0        0.123000        0
        9040221       eta(1760)       0           1.75100        1              -1               0      0      0      0      0        0        0.240000        0
        9010111       pi(1800)0       0           1.81000        1              -1               0      0      0      0      0        0        0.215000        0
        9010211       pi(1800)+       0           1.81000        1              -1               0      1      0      0      0        0        0.215000        0
        9030225       f2(1810)        0           1.81500        5              -1               0      0      0      0      0        0        0.197000        0
        7200221       X(1835)         0           1.87700        1              -1               0      0      0      0      0        0        0.242000        0
            337       phi3(1850)      0           1.85400        7              -1               0      0      0      0      2        0        0.087000        0
          10335       eta2(1870)      0           1.84200        5              -1               0      0      0      0      2        0        0.225000        0
        7110115       pi2(1880)0      0           1.87400        5              -1               0      0      0      0      0        0        0.237000        0
        7110215       pi2(1880)+      0           1.87400        5              -1               0      1      0      0      0        0        0.237000        0
        9030113       rho(1900)0      0           1.88600        3              -1               0      0      0      0      0        0        0.077000        0
        9030213       rho(1900)+      0           1.88600        3              -1               0      1      0      0      0        0        0.077000        0
        9040225       f2(1910)        0           1.90000        5              -1               0      0      0      0      0        0        0.167000        0
        9050225       f2(1950)        0           1.93600        5              -1               0      0      0      0      0        0        0.464000        0
        7110111       a0(1950)0       0           1.93100        1              -1               0      0      0      0      0        0        0.271000        0
        7110211       a0(1950)+       0           1.93100        1              -1               0      1      0      0      0        0        0.271000        0
            119       a4(1970)0       0           1.96700        9              -1               0      0      0      0      0        0        0.324000        0
            219       a4(1970)+       0           1.96700        9              -1               0      1      0      0      0        0        0.324000        0
        9000117       rho3(1990)0     0           1.98200        7              -1               0      0      0      0      0        0        0.188000        0
        9000217       rho3(1990)+     0           1.98200        7              -1               0      1      0      0      0        0        0.188000        0
        7210115       pi2(2005)0      0           1.96300        5              -1               0      0      0      0      0        0        0.370000        0
        7210215       pi2(2005)+      0           1.96300        5              -1               0      1      0      0      0        0        0.370000        0
        9060225       f2(2010)        0           2.01100        5              -1               0      0      0      0      2        0        0.202000        0
        9050221       f0(2020)        0           1.99200        1              -1               0      0      0      0      0        0        0.442000        0
            229       f4(2050)        0           2.01800        9              -1               0      0      0      0      0        0        0.237000        0
        9060221       f0(2100)        0           2.08600        1              -1               0      0      0      0      0        0        0.284000        0
        9010115       pi2(2100)0      0           2.09000        5              -1               0      0      0      0      0        0        0.625000        0
        9010215       pi2(2100)+      0           2.09000        5              -1               0      1      0      0      0        0        0.625000        0
        9040113       rho(2150)0      0           2.15000        3              -1               0      0      0      0      0        0        0.254000        0
        9040213       rho(2150)+      0           2.15000        3              -1               0      1      0      0      0        0        0.254000        0
        9070225       f2(2150)        0           2.15700        5              -1               0      0      0      0      2        0        0.152000        0
        7200333       phi(2170)       0           2.15900        3              -1               0      0      0      0      2        0        0.137000        0
        9070221       f0(2200)        0           2.18700        1              -1               0      0      0      0      0        0        0.207000        0
        9000229       fJ(2220)        0           2.23110        5              -1               0      0      0      0      0        0        0.023000        0
        9080221       eta(2225)       0           2.22100        1              -1               0      0      0      0      0        0        0.185000        0
        9010117       rho3(2250)0     0           2.20000        7              -1               0      0      0      0      0        0        0.158000        0
        9010217       rho3(2250)+     0           2.20000        7              -1               0      1      0      0      0        0        0.158000        0
        9080225       f2(2300)        0           2.29700        5              -1               0      0      0      0      0        0        0.149000        0
        9010229       f4(2300)        0           2.32000        9              -1               0      0      0      0      0        0        0.250000        0
        7030331       f0(2330)        0           2.32400        1              -1               0      0      0      0      0        0        0.194000        0
        9090225       f2(2340)        0           2.34500        5              -1               0      0      0      0      0        0        0.322000        0
        8000117       rho5(2350)0     0           2.33000        11             -1               0      0      0      0      0        0        0.400000        0
        8000217       rho5(2350)+     0           2.33000        11             -1               0      1      0      0      0        0        0.400000        0
        7300221       X(2370)         0           2.34160        1              -1               0      0      0      0      0        0        0.117000        0
        8000229       f6(2510)        0           2.46500        13             -1               0      0      0      0      0        0        0.255000        0
            311       K0              1           0.49400        1              -1               0      0      1      0      1        0        0.000000        0
            321       K+              1           0.49400        1              -1               0      1      1      0      1        0        0.000000        0
            313       K*(892)0        0           0.89200        3              -1               0      0      1      0      1        0        0.050000        0
            323       K*(892)+        0           0.89200        3              -1               0      1      1      0      1        0        0.050000        0
          10313       K1(1270)0       0           1.25300        3              -1               0      0      1      0      1        0        0.090000        0
          10323       K1(1270)+       0           1.25300        3              -1               0      1      1      0      1        0        0.090000        0
          20313       K1(1400)0       0           1.40300        3              -1               0      0      1      0      1        0        0.174000        0
          20323       K1(1400)+       0           1.40300        3              -1               0      1      1      0      1        0        0.174000        0
         100313       K*(1410)0       0           1.41400        3              -1               0      0      1      0      1        0        0.232000        0
         100323       K*(1410)+       0           1.41400        3              -1               0      1      1      0      1        0        0.232000        0
          10311       K0*(1430)0      0           1.42500        1              -1               0      0      1      0      1        0        0.270000        0
          10321       K0*(1430)+      0           1.42500        1              -1               0      1      1      0      1        0        0.270000        0
            315       K2*(1430)0      0           1.42700        5              -1               0      0      1      0      1        0        0.104000        0
            325       K2*(1430)+      0           1.42700        5              -1               0      1      1      0      1        0        0.104000        0
         100311       K(1460)0        0           1.44700        1              -1               0      0      1      0      1        0        0.282000        0
         100321       K(1460)+        0           1.44700        1              -1               0      1      1      0      1        0        0.282000        0
        9000315       K2(1580)0       0           1.58000        5              -1               0      0      1      0      1        0        0.110000        0
        9000325       K2(1580)+       0           1.58000        5              -1               0      1      1      0      1        0        0.110000        0
        7010313       K(1630)0        0           1.62900        3              -1               0      0      1      0      1        0        0.016000        0
        7010323       K(1630)+        0           1.62900        3              -1               0      1      1      0      1        0        0.016000        0
        9000313       K1(1650)0       0           1.67200        3              -1               0      0      1      0      1        0        0.158000        0
        9000323       K1(1650)+       0           1.67200        3              -1               0      1      1      0      1        0        0.158000        0
          30313       K*(1680)0       0           1.71800        3              -1               0      0      1      0      1        0        0.322000        0
          30323       K*(1680)+       0           1.71800        3              -1               0      1      1      0      1        0        0.322000        0
          10315       K2(1770)0       0           1.77300        5              -1               0      0      1      0      1        0        0.186000        0
          10325       K2(1770)+       0           1.77300        5              -1               0      1      1      0      1        0        0.186000        0
            317       K3*(1780)0      0           1.77900        7              -1               0      0      1      0      1        0        0.161000        0
            327       K3*(1780)+      0           1.77900        7              -1               0      1      1      0      1        0        0.161000        0
          20315       K2(1820)0       0           1.81900        5              -1               0      0      1      0      1        0        0.264000        0
          20325       K2(1820)+       0           1.81900        5              -1               0      1      1      0      1        0        0.264000        0
        9010311       K(1830)0        0           1.87400        1              -1               0      0      1      0      1        0        0.168000        0
        9010321       K(1830)+        0           1.87400        1              -1               0      1      1      0      1        0        0.168000        0
        9020311       K0*(1950)0      0           1.94500        1              -1               0      0      1      0      1        0        0.201000        0
        9020321       K0*(1950)+      0           1.94500        1              -1               0      1      1      0      1        0        0.201000        0
        9010315       K2*(1980)0      0           1.99500        5              -1               0      0      1      0      1        0        0.349000        0
        9010325       K2*(1980)+      0           1.99500        5              -1               0      1      1      0      1        0        0.349000        0
            319       K4*(2045)0      0           2.25000        9              -1               0      0      1      0      1        0        0.199000        0
            329       K4*(2045)+      0           2.25000        9              -1               0      1      1      0      1        0        0.199000        0
        9020315       K2(2250)0       0           2.24700        5              -1               0      0      1      0      1        0        0.180000        0
        9020325       K2(2250)+       0           2.24700        5              -1               0      1      1      0      1        0        0.180000        0
        9010317       K3(2320)0       0           2.32400        7              -1               0      0      1      0      1        0        0.150000        0
        9010327       K3(2320)+       0           2.32400        7              -1               0      1      1      0      1        0        0.150000        0
        8200317       K5*(2380)0      0           2.38200        11             -1               0      0      1      0      1        0        0.178000        0
        8200327       K5*(2380)+      0           2.38200        11             -1               0      1      1      0      1        0        0.178000        0
        9000319       K4(2500)0       0           2.49000        9              -1               0      0      1      0      1        0        0.250000        0
        9000329       K4(2500)+       0           2.49000        9              -1               0      1      1      0      1        0        0.250000        0
           2112       N0              1           0.93800        2               1               1      0      0      0      0        0        0.000000        0
           2212       N+              1           0.93800        2               1               1      1      0      0      0        0        0.000000        0
          12112       N(1440)0        0           1.44000        2               1               1      0      0      0      0        0        0.350000        0
          12212       N(1440)+        0           1.44000        2               1               1      1      0      0      0        0        0.350000        0
           1214       N(1520)0        0           1.51500        4               1               1      0      0      0      0        0        0.110000        0
           2124       N(1520)+        0           1.51500        4               1               1      1      0      0      0        0        0.110000        0
          22112       N(1535)0        0           1.53000        2               1               1      0      0      0      0        0        0.150000        0
          22212       N(1535)+        0           1.53000        2               1               1      1      0      0      0        0        0.150000        0
          32112       N(1650)0        0           1.65000        2               1               1      0      0      0      0        0        0.125000        0
          32212       N(1650)+        0           1.65000        2               1               1      1      0      0      0        0        0.125000        0
           2116       N(1675)0        0           1.67500        6               1               1      0      0      0      0        0        0.145000        0
           2216       N(1675)+        0           1.67500        6               1               1      1      0      0      0        0        0.145000        0
          12116       N(1680)0        0           1.68500        6               1               1      0      0      0      0        0        0.120000        0
          12216       N(1680)+        0           1.68500        6               1               1      1      0      0      0        0        0.120000        0
          21214       N(1700)0        0           1.72000        4               1               1      0      0      0      0        0        0.200000        0
          22124       N(1700)+        0           1.72000        4               1               1      1      0      0      0        0        0.200000        0
          42112       N(1710)0        0           1.71000        2               1               1      0      0      0      0        0        0.140000        0
          42212       N(1710)+        0           1.71000        2               1               1      1      0      0      0        0        0.140000        0
          31214       N(1720)0        0           1.72000        4               1               1      0      0      0      0        0        0.250000        0
          32124       N(1720)+        0           1.72000        4               1               1      1      0      0      0        0        0.250000        0
        9822116       N(1860)0        0           1.89000        6               1               1      0      0      0      0        0        0.247000        0
        9822216       N(1860)+        0           1.89000        6               1               1      1      0      0      0        0        0.247000        0
        9811214       N(1875)0        0           1.87500        4               1               1      0      0      0      0        0        0.200000        0
        9812124       N(1875)+        0           1.87500        4               1               1      1      0      0      0        0        0.200000        0
        9852112       N(1880)0        0           1.88000        2               1               1      0      0      0      0        0        0.300000        0
        9852212       N(1880)+        0           1.88000        2               1               1      1      0      0      0        0        0.300000        0
        9862112       N(1895)0        0           1.89500        2               1               1      0      0      0      0        0        0.120000        0
        9862212       N(1895)+        0           1.89500        2               1               1      1      0      0      0        0        0.120000        0
        9841214       N(1900)0        0           1.92000        4               1               1      0      0      0      0        0        0.200000        0
        9842124       N(1900)+        0           1.92000        4               1               1      1      0      0      0        0        0.200000        0
        9811218       N(1990)0        0           2.02000        8               1               1      0      0      0      0        0        0.300000        0
        9812128       N(1990)+        0           2.02000        8               1               1      1      0      0      0        0        0.300000        0
        9832116       N(2000)0        0           2.00000        6               1               1      0      0      0      0        0        0.294000        0
        9832216       N(2000)+        0           2.00000        6               1               1      1      0      0      0        0        0.294000        0
        9851214       N(2040)0        0           2.05400        4               1               1      0      0      0      0        0        0.197000        0
        9852124       N(2040)+        0           2.05400        4               1               1      1      0      0      0        0        0.197000        0
        9842116       N(2060)0        0           2.10000        6               1               1      0      0      0      0        0        0.400000        0
        9842216       N(2060)+        0           2.10000        6               1               1      1      0      0      0        0        0.400000        0
        9872112       N(2100)0        0           2.10000        2               1               1      0      0      0      0        0        0.260000        0
        9872212       N(2100)+        0           2.10000        2               1               1      1      0      0      0        0        0.260000        0
        9861214       N(2120)0        0           2.12000        4               1               1      0      0      0      0        0        0.300000        0
        9862124       N(2120)+        0           2.12000        4               1               1      1      0      0      0        0        0.300000        0
           1218       N(2190)0        0           2.18000        8               1               1      0      0      0      0        0        0.400000        0
           2128       N(2190)+        0           2.18000        8               1               1      1      0      0      0        0        0.400000        0
        9902118       N(2220)0        0           2.25000        10              1               1      0      0      0      0        0        0.400000        0
        9902218       N(2220)+        0           2.25000        10              1               1      1      0      0      0        0        0.400000        0
        9912118       N(2250)0        0           2.28000        10              1               1      0      0      0      0        0        0.500000        0
        9912218       N(2250)+        0           2.28000        10              1               1      1      0      0      0        0        0.500000        0
        9882112       N(2300)0        0           2.30000        2               1               1      0      0      0      0        0        0.340000        0
        9882212       N(2300)+        0           2.30000        2               1               1      1      0      0      0        0        0.340000        0
        9852116       N(2570)0        0           2.57000        6               1               1      0      0      0      0        0        0.250000        0
        9852216       N(2570)+        0           2.57000        6               1               1      1      0      0      0        0        0.250000        0
        9902112       N(2600)0        0           2.60000        12              1               1      0      0      0      0        0        0.650000        0
        9902212       N(2600)+        0           2.60000        12              1               1      1      0      0      0        0        0.650000        0
        9902114       N(2700)0        0           2.61200        14              1               1      0      0      0      0        0        0.350000        0
        9902214       N(2700)+        0           2.61200        14              1               1      1      0      0      0        0        0.350000        0
           1114       Delta(1232)-    0           1.23200        4               1               1     -1      0      0      0        0        0.117000        0
           2114       Delta(1232)0    0           1.23200        4               1               1      0      0      0      0        0        0.117000        0
           2214       Delta(1232)+    0           1.23200        4               1               1      1      0      0      0        0        0.117000        0
           2224       Delta(1232)++   0           1.23200        4               1               1      2      0      0      0        0        0.117000        0
          31114       Delta(1600)-    0           1.57000        4               1               1     -1      0      0      0        0        0.250000        0
          32114       Delta(1600)0    0           1.57000        4               1               1      0      0      0      0        0        0.250000        0
          32214       Delta(1600)+    0           1.57000        4               1               1      1      0      0      0        0        0.250000        0
          32224       Delta(1600)++   0           1.57000        4               1               1      2      0      0      0        0        0.250000        0
           1112       Delta(1620)-    0           1.61000        2               1               1     -1      0      0      0        0        0.130000        0
           1212       Delta(1620)0    0           1.61000        2               1               1      0      0      0      0        0        0.130000        0
           2122       Delta(1620)+    0           1.61000        2               1               1      1      0      0      0        0        0.130000        0
           2222       Delta(1620)++   0           1.61000        2               1               1      2      0      0      0        0        0.130000        0
          11114       Delta(1700)-    0           1.71000        4               1               1     -1      0      0      0        0        0.300000        0
          12114       Delta(1700)0    0           1.71000        4               1               1      0      0      0      0        0        0.300000        0
          12214       Delta(1700)+    0           1.71000        4               1               1      1      0      0      0        0        0.300000        0
          12224       Delta(1700)++   0           1.71000        4               1               1      2      0      0      0        0        0.300000        0
        9831112       Delta(1750)-    0           1.71600        2               1               1     -1      0      0      0        0        0.356000        0
        9831212       Delta(1750)0    0           1.71600        2               1               1      0      0      0      0        0        0.356000        0
        9832122       Delta(1750)+    0           1.71600        2               1               1      1      0      0      0        0        0.356000        0
        9832222       Delta(1750)++   0           1.71600        2               1               1      2      0      0      0        0        0.356000        0
          11112       Delta(1900)-    0           1.86000        2               1               1     -1      0      0      0        0        0.250000        0
          11212       Delta(1900)0    0           1.86000        2               1               1      0      0      0      0        0        0.250000        0
          12122       Delta(1900)+    0           1.86000        2               1               1      1      0      0      0        0        0.250000        0
          12222       Delta(1900)++   0           1.86000        2               1               1      2      0      0      0        0        0.250000        0
           1116       Delta(1905)-    0           1.88000        6               1               1     -1      0      0      0        0        0.330000        0
           1216       Delta(1905)0    0           1.88000        6               1               1      0      0      0      0        0        0.330000        0
           2126       Delta(1905)+    0           1.88000        6               1               1      1      0      0      0        0        0.330000        0
           2226       Delta(1905)++   0           1.88000        6               1               1      2      0      0      0        0        0.330000        0
          21112       Delta(1910)-    0           1.90000        2               1               1     -1      0      0      0        0        0.300000        0
          21212       Delta(1910)0    0           1.90000        2               1               1      0      0      0      0        0        0.300000        0
          22122       Delta(1910)+    0           1.90000        2               1               1      1      0      0      0        0        0.300000        0
          22222       Delta(1910)++   0           1.90000        2               1               1      2      0      0      0        0        0.300000        0
          21114       Delta(1920)-    0           1.92000        4               1               1     -1      0      0      0        0        0.300000        0
          22114       Delta(1920)0    0           1.92000        4               1               1      0      0      0      0        0        0.300000        0
          22214       Delta(1920)+    0           1.92000        4               1               1      1      0      0      0        0        0.300000        0
          22224       Delta(1920)++   0           1.92000        4               1               1      2      0      0      0        0        0.300000        0
          11116       Delta(1930)-    0           1.95000        6               1               1     -1      0      0      0        0        0.300000        0
          11216       Delta(1930)0    0           1.95000        6               1               1      0      0      0      0        0        0.300000        0
          12126       Delta(1930)+    0           1.95000        6               1               1      1      0      0      0        0        0.300000        0
          12226       Delta(1930)++   0           1.95000        6               1               1      2      0      0      0        0        0.300000        0
        9841114       Delta(1940)-    0           2.00000        4               1               1     -1      0      0      0        0        0.400000        0
        9842114       Delta(1940)0    0           2.00000        4               1               1      0      0      0      0        0        0.400000        0
        9842214       Delta(1940)+    0           2.00000        4               1               1      1      0      0      0        0        0.400000        0
        9842224       Delta(1940)++   0           2.00000        4               1               1      2      0      0      0        0        0.400000        0
           1118       Delta(1950)-    0           1.93000        8               1               1     -1      0      0      0        0        0.285000        0
           2118       Delta(1950)0    0           1.93000        8               1               1      0      0      0      0        0        0.285000        0
           2218       Delta(1950)+    0           1.93000        8               1               1      1      0      0      0        0        0.285000        0
           2228       Delta(1950)++   0           1.93000        8               1               1      2      0      0      0        0        0.285000        0
        9821116       Delta(2000)-    0           2.10000        6               1               1     -1      0      0      0        0        0.450000        0
        9821216       Delta(2000)0    0           2.10000        6               1               1      0      0      0      0        0        0.450000        0
        9822126       Delta(2000)+    0           2.10000        6               1               1      1      0      0      0        0        0.450000        0
        9822226       Delta(2000)++   0           2.10000        6               1               1      2      0      0      0        0        0.450000        0
        9841112       Delta(2150)-    0           2.15000        2               1               1     -1      0      0      0        0        0.200000        0
        9841212       Delta(2150)0    0           2.15000        2               1               1      0      0      0      0        0        0.200000        0
        9842122       Delta(2150)+    0           2.15000        2               1               1      1      0      0      0        0        0.200000        0
        9842222       Delta(2150)++   0           2.15000        2               1               1      2      0      0      0        0        0.200000        0
        9811118       Delta(2200)-    0           2.20000        8               1               1     -1      0      0      0        0        0.350000        0
        9812118       Delta(2200)0    0           2.20000        8               1               1      0      0      0      0        0        0.350000        0
        9812218       Delta(2200)+    0           2.20000        8               1               1      1      0      0      0        0        0.350000        0
        9812228       Delta(2200)++   0           2.20000        8               1               1      2      0      0      0        0        0.350000        0
        9901118       Delta(2300)-    0           2.30800        10              1               1     -1      0      0      0        0        0.360000        0
        9901218       Delta(2300)0    0           2.30800        10              1               1      0      0      0      0        0        0.360000        0
        9902128       Delta(2300)+    0           2.30800        10              1               1      1      0      0      0        0        0.360000        0
        9902228       Delta(2300)++   0           2.30800        10              1               1      2      0      0      0        0        0.360000        0
        9831116       Delta(2350)-    0           2.35000        6               1               1     -1      0      0      0        0        0.350000        0
        9831216       Delta(2350)0    0           2.35000        6               1               1      0      0      0      0        0        0.350000        0
        9832126       Delta(2350)+    0           2.35000        6               1               1      1      0      0      0        0        0.350000        0
        9832226       Delta(2350)++   0           2.35000        6               1               1      2      0      0      0        0        0.350000        0
        9821118       Delta(2390)-    0           2.39000        8               1               1     -1      0      0      0        0        0.300000        0
        9822118       Delta(2390)0    0           2.39000        8               1               1      0      0      0      0        0        0.300000        0
        9822218       Delta(2390)+    0           2.39000        8               1               1      1      0      0      0        0        0.300000        0
        9822228       Delta(2390)++   0           2.39000        8               1               1      2      0      0      0        0        0.300000        0
        9901116       Delta(2400)-    0           2.47000        10              1               1     -1      0      0      0        0        0.570000        0
        9901216       Delta(2400)0    0           2.47000        10              1               1      0      0      0      0        0        0.570000        0
        9902126       Delta(2400)+    0           2.47000        10              1               1      1      0      0      0        0        0.570000        0
        9902226       Delta(2400)++   0           2.47000        10              1               1      2      0      0      0        0        0.570000        0
        9911118       Delta(2420)-    0           2.45000        12              1               1     -1      0      0      0        0        0.500000        0
        9911218       Delta(2420)0    0           2.45000        12              1               1      0      0      0      0        0        0.500000        0
        9912128       Delta(2420)+    0           2.45000        12              1               1      1      0      0      0        0        0.500000        0
        9912228       Delta(2420)++   0           2.45000        12              1               1      2      0      0      0        0        0.500000        0
        9911116       Delta(2750)-    0           2.79400        14              1               1     -1      0      0      0        0        0.350000        0
        9911216       Delta(2750)0    0           2.79400        14              1               1      0      0      0      0        0        0.350000        0
        9912126       Delta(2750)+    0           2.79400        14              1               1      1      0      0      0        0        0.350000        0
        9912226       Delta(2750)++   0           2.79400        14              1               1      2      0      0      0        0        0.350000        0
        9921118       Delta(2950)-    0           2.99000        16              1               1     -1      0      0      0        0        0.330000        0
        9921218       Delta(2950)0    0           2.99000        16              1               1      0      0      0      0        0        0.330000        0
        9922128       Delta(2950)+    0           2.99000        16              1               1      1      0      0      0        0        0.330000        0
        9922228       Delta(2950)++   0           2.99000        16              1               1      2      0      0      0        0        0.330000        0
           3122       Lambda          1           1.11570        2               1               1      0     -1      0      1        0        0.000000        0
          13122       Lambda(1405)    0           1.40510        2               1               1      0     -1      0      1        0        0.050500        0
           3124       Lambda(1520)    0           1.52300        4               1               1      0     -1      0      1        0        0.015700        0
          23122       Lambda(1600)    0           1.60000        2               1               1      0     -1      0      1        0        0.200000        0
          33122       Lambda(1670)    0           1.67400        2               1               1      0     -1      0      1        0        0.030000        0
          13124       Lambda(1690)    0           1.69000        4               1               1      0     -1      0      1        0        0.070000        0
        9863122       Lambda(1710)    0           1.71300        2               1               1      0     -1      0      1        0        0.180000        0
          43122       Lambda(1800)    0           1.80000        2               1               1      0     -1      0      1        0        0.200000        0
          53122       Lambda(1810)    0           1.81300        2               1               1      0     -1      0      1        0        0.110000        0
           3126       Lambda(1820)    0           1.82000        6               1               1      0     -1      0      1        0        0.080000        0
          13126       Lambda(1830)    0           1.82500        6               1               1      0     -1      0      1        0        0.090000        0
          23124       Lambda(1890)    0           1.89000        4               1               1      0     -1      0      1        0        0.120000        0
        9873122       Lambda(2000)    0           2.00000        2               1               1      0     -1      0      1        0        0.190000        0
        9833124       Lambda(2050)    0           2.05600        4               1               1      0     -1      0      1        0        0.493000        0
        9843124       Lambda(2070)    0           2.07000        4               1               1      0     -1      0      1        0        0.370000        0
        9833126       Lambda(2080)    0           2.08200        6               1               1      0     -1      0      1        0        0.181000        0
        9813128       Lambda(2085)    0           2.08400        8               1               1      0     -1      0      1        0        0.155000        0
           3128       Lambda(2100)    0           2.10000        8               1               1      0     -1      0      1        0        0.200000        0
          23126       Lambda(2110)    0           2.09000        6               1               1      0     -1      0      1        0        0.250000        0
        9853124       Lambda(2325)    0           2.32500        4               1               1      0     -1      0      1        0        0.168000        0
        9903128       Lambda(2350)    0           2.35000        10              1               1      0     -1      0      1        0        0.150000        0
           3112       Sigma-          1           1.18940        2               1               1     -1     -1      0      1        0        0.000000        0
           3212       Sigma0          0           1.18940        2               1               1      0     -1      0      1        0        8.9e-06         0
           3222       Sigma+          1           1.18940        2               1               1      1     -1      0      1        0        0.000000        0
           3114       Sigma(1385)-    0           1.38500        4               1               1     -1     -1      0      1        0        0.036000        0
           3214       Sigma(1385)0    0           1.38500        4               1               1      0     -1      0      1        0        0.036000        0
           3224       Sigma(1385)+    0           1.38500        4               1               1      1     -1      0      1        0        0.036000        0
        9833114       Sigma(1580)-    0           1.58000        4               1               1     -1     -1      0      1        0        0.013000        0
        9833214       Sigma(1580)0    0           1.58000        4               1               1      0     -1      0      1        0        0.013000        0
        9833224       Sigma(1580)+    0           1.58000        4               1               1      1     -1      0      1        0        0.013000        0
        9833112       Sigma(1620)-    0           1.62000        2               1               1     -1     -1      0      1        0        0.070000        0
        9833212       Sigma(1620)0    0           1.62000        2               1               1      0     -1      0      1        0        0.070000        0
        9833222       Sigma(1620)+    0           1.62000        2               1               1      1     -1      0      1        0        0.070000        0
          13112       Sigma(1660)-    0           1.66000        2               1               1     -1     -1      0      1        0        0.200000        0
          13212       Sigma(1660)0    0           1.66000        2               1               1      0     -1      0      1        0        0.200000        0
          13222       Sigma(1660)+    0           1.66000        2               1               1      1     -1      0      1        0        0.200000        0
          13114       Sigma(1670)-    0           1.67500        4               1               1     -1     -1      0      1        0        0.070000        0
          13214       Sigma(1670)0    0           1.67500        4               1               1      0     -1      0      1        0        0.070000        0
          13224       Sigma(1670)+    0           1.67500        4               1               1      1     -1      0      1        0        0.070000        0
          23112       Sigma(1750)-    0           1.75000        2               1               1     -1     -1      0      1        0        0.150000        0
          23212       Sigma(1750)0    0           1.75000        2               1               1      0     -1      0      1        0        0.150000        0
          23222       Sigma(1750)+    0           1.75000        2               1               1      1     -1      0      1        0        0.150000        0
           3116       Sigma(1775)-    0           1.77500        6               1               1     -1     -1      0      1        0        0.120000        0
           3216       Sigma(1775)0    0           1.77500        6               1               1      0     -1      0      1        0        0.120000        0
           3226       Sigma(1775)+    0           1.77500        6               1               1      1     -1      0      1        0        0.120000        0
        9843114       Sigma(1780)-    0           1.78000        4               1               1     -1     -1      0      1        0        0.200000        0
        9843214       Sigma(1780)0    0           1.78000        4               1               1      0     -1      0      1        0        0.200000        0
        9843224       Sigma(1780)+    0           1.78000        4               1               1      1     -1      0      1        0        0.200000        0
        9843112       Sigma(1880)-    0           1.88000        2               1               1     -1     -1      0      1        0        0.200000        0
        9843212       Sigma(1880)0    0           1.88000        2               1               1      0     -1      0      1        0        0.200000        0
        9843222       Sigma(1880)+    0           1.88000        2               1               1      1     -1      0      1        0        0.200000        0
          23114       Sigma(1910)-    0           1.91000        4               1               1     -1     -1      0      1        0        0.220000        0
          23214       Sigma(1910)0    0           1.91000        4               1               1      0     -1      0      1        0        0.220000        0
          23224       Sigma(1910)+    0           1.91000        4               1               1      1     -1      0      1        0        0.220000        0
          13116       Sigma(1915)-    0           1.91500        6               1               1     -1     -1      0      1        0        0.120000        0
          13216       Sigma(1915)0    0           1.91500        6               1               1      0     -1      0      1        0        0.120000        0
          13226       Sigma(1915)+    0           1.91500        6               1               1      1     -1      0      1        0        0.120000        0
        9853112       Sigma(1900)-    0           1.92500        2               1               1     -1     -1      0      1        0        0.165000        0
        9853212       Sigma(1900)0    0           1.92500        2               1               1      0     -1      0      1        0        0.165000        0
        9853222       Sigma(1900)+    0           1.92500        2               1               1      1     -1      0      1        0        0.165000        0
        9853114       Sigma(1940)-    0           1.94000        4               1               1     -1     -1      0      1        0        0.250000        0
        9853214       Sigma(1940)0    0           1.94000        4               1               1      0     -1      0      1        0        0.250000        0
        9853224       Sigma(1940)+    0           1.94000        4               1               1      1     -1      0      1        0        0.250000        0
        9863114       Sigma(2010)-    0           2.00500        4               1               1     -1     -1      0      1        0        0.178000        0
        9863214       Sigma(2010)0    0           2.00500        4               1               1      0     -1      0      1        0        0.178000        0
        9863224       Sigma(2010)+    0           2.00500        4               1               1      1     -1      0      1        0        0.178000        0
           3118       Sigma(2030)-    0           2.03000        8               1               1     -1     -1      0      1        0        0.180000        0
           3218       Sigma(2030)0    0           2.03000        8               1               1      0     -1      0      1        0        0.180000        0
           3228       Sigma(2030)+    0           2.03000        8               1               1      1     -1      0      1        0        0.180000        0
        9823116       Sigma(2070)-    0           2.06000        6               1               1     -1     -1      0      1        0        0.200000        0
        9823216       Sigma(2070)0    0           2.06000        6               1               1      0     -1      0      1        0        0.200000        0
        9823226       Sigma(2070)+    0           2.06000        6               1               1      1     -1      0      1        0        0.200000        0
        9873114       Sigma(2080)-    0           2.09000        4               1               1     -1     -1      0      1        0        0.170000        0
        9873214       Sigma(2080)0    0           2.09000        4               1               1      0     -1      0      1        0        0.170000        0
        9873224       Sigma(2080)+    0           2.09000        4               1               1      1     -1      0      1        0        0.170000        0
        9813118       Sigma(2100)-    0           2.10000        8               1               1     -1     -1      0      1        0        0.232000        0
        9813218       Sigma(2100)0    0           2.10000        8               1               1      0     -1      0      1        0        0.232000        0
        9813228       Sigma(2100)+    0           2.10000        8               1               1      1     -1      0      1        0        0.232000        0
        9863112       Sigma(2110)-    0           2.10500        2               1               1     -1     -1      0      1        0        0.313000        0
        9863212       Sigma(2110)0    0           2.10500        2               1               1      0     -1      0      1        0        0.313000        0
        9863222       Sigma(2110)+    0           2.10500        2               1               1      1     -1      0      1        0        0.313000        0
        9883114       Sigma(2230)-    0           2.24000        4               1               1     -1     -1      0      1        0        0.345000        0
        9883214       Sigma(2230)0    0           2.24000        4               1               1      0     -1      0      1        0        0.345000        0
        9883224       Sigma(2230)+    0           2.24000        4               1               1      1     -1      0      1        0        0.345000        0
        9833116       Sigma(2250)-    0           2.25000        6               1               1     -1     -1      0      1        0        0.100000        0
        9833216       Sigma(2250)0    0           2.25000        6               1               1      0     -1      0      1        0        0.100000        0
        9833226       Sigma(2250)+    0           2.25000        6               1               1      1     -1      0      1        0        0.100000        0
        9893114       Sigma(2455)-    0           2.45500        4               1               1     -1     -1      0      1        0        0.120000        0
        9893214       Sigma(2455)0    0           2.45500        4               1               1      0     -1      0      1        0        0.120000        0
        9893224       Sigma(2455)+    0           2.45500        4               1               1      1     -1      0      1        0        0.120000        0
        9843116       Sigma(2620)-    0           2.62000        6               1               1     -1     -1      0      1        0        0.200000        0
        9843216       Sigma(2620)0    0           2.62000        6               1               1      0     -1      0      1        0        0.200000        0
        9843226       Sigma(2620)+    0           2.62000        6               1               1      1     -1      0      1        0        0.200000        0
        9823118       Sigma(3170)-    0           3.17000        8               1               1     -1     -1      0      1        0        0.015000        0
        9823218       Sigma(3170)0    0           3.17000        8               1               1      0     -1      0      1        0        0.015000        0
        9823228       Sigma(3170)+    0           3.17000        8               1               1      1     -1      0      1        0        0.015000        0
           3312       Ksi-            1           1.31800        2               1               1     -1     -2      0      2        0        0.000000        0
           3322       Ksi0            1           1.31800        2               1               1      0     -2      0      2        0        0.000000        0
           3314       Ksi(1530)-      0           1.53350        4               1               1     -1     -2      0      2        0        0.009500        0
           3324       Ksi(1530)0      0           1.53350        4               1               1      0     -2      0      2        0        0.009500        0
        9823314       Ksi(1620)-      0           1.62000        4               1               1     -1     -2      0      2        0        0.030000        0
        9823324       Ksi(1620)0      0           1.62000        4               1               1      0     -2      0      2        0        0.030000        0
         203312       Ksi(1690)-      0           1.69000        2               1               1     -1     -2      0      2        0        0.010000        0
         203322       Ksi(1690)0      0           1.69000        2               1               1      0     -2      0      2        0        0.010000        0
          13314       Ksi(1820)-      0           1.82300        4               1               1     -1     -2      0      2        0        0.024000        0
          13324       Ksi(1820)0      0           1.82300        4               1               1      0     -2      0      2        0        0.024000        0
         103316       Ksi(1950)-      0           1.95000        6               1               1     -1     -2      0      2        0        0.060000        0
         103326       Ksi(1950)0      0           1.95000        6               1               1      0     -2      0      2        0        0.060000        0
         203316       Ksi(2030)-      0           2.02500        6               1               1     -1     -2      0      2        0        0.020000        0
         203326       Ksi(2030)0      0           2.02500        6               1               1      0     -2      0      2        0        0.020000        0
        9803318       Ksi(2120)-      0           2.12000        8               1               1     -1     -2      0      2        0        0.020000        0
        9803328       Ksi(2120)0      0           2.12000        8               1               1      0     -2      0      2        0        0.020000        0
        9903318       Ksi(2250)-      0           2.25000        10              1               1     -1     -2      0      2        0        0.088000        0
        9903328       Ksi(2250)0      0           2.25000        10              1               1      0     -2      0      2        0        0.088000        0
        9913318       Ksi(2370)-      0           2.37000        10              1               1     -1     -2      0      2        0        0.080000        0
        9913328       Ksi(2370)0      0           2.37000        10              1               1      0     -2      0      2        0        0.080000        0
        9923318       Ksi(2500)-      0           2.50000        12              1               1     -1     -2      0      2        0        0.100000        0
        9923328       Ksi(2500)0      0           2.50000        12              1               1      0     -2      0      2        0        0.100000        0
           3334       Omega           1           1.67245        4               1               1     -1     -3      0      3        0        0.000000        0
        9813334       Omega(2012)     0           2.01240        4               1               1     -1     -3      0      3        0        0.006400        0
         203338       Omega(2250)     0           2.25200        8               1               1     -1     -3      0      3        0        0.055000        0
        9803336       Omega(2380)     0           2.38400        6               1               1     -1     -3      0      3        0        0.026000        0
        9903338       Omega(2470)     0           2.47400        12              1               1     -1     -3      0      3        0        0.072000        0